keys,values
피습,88
대상,72
특혜,72
한국,66
대폭발,66
커리어,58
싸가지,56
리모,55
방씨,55
경제민주화,55
공단,55
제품,52
주적,52
한참,50
기도,50
원칙,46
침략,40
대우,40
횡포,38
아래,38
코지,37
촛불집회,37
기업,35
야욕,35
십년,35
백화점,35
탄압,31
방향,31
청정,30
장남,30
성주,27
문화,26
압박,26
팔로워,26
일전,26
스웨덴,26
엄중,26
망령,25
제곡,25
엄마,25
간판,24
능멸,23
전범,22
취하,22
법적,22
콜드,22
찾기,22
홈프러스,22
계몽,21
거절,21
한자,20
영토,20
신경,20
동인,20
밀고,20
에스엠,20
계열,19
이슈,19
엿같,18
야스쿠니,17
풀돌,17
관계자,17
졸망,17
유엔,17
둘리,17
가열,16
주동,16
군함,16
지구,16
일본여행,14
환경,14
단체,14
품질,14
개차반,14
감소,14
동영상,14
진로,13
자칫,13
하락,13
강탈,13
대중,13
불매,12
서민,12
일본국,12
결승,12
도요타,12
이석현,12
영향력,12
배후,12
노스페이스,12
완존,12
안전,12
나라,11
국산,11
대한민국,11
자손,11
토착,11
행위자,11
작가,11
의문,11
뜰때,11
프로,11
몽클레르,11
회의,11
출연,11
하나요,11
불어,11
부들부들,11
패스,11
자주,11
격분,11
사변,11
최유진,11
안티,11
뉴스,10
상품,10
기념품,10
터졋을땐,10
포함,10
대법원,10
이웃,10
해양,10
분위기,10
폭주,10
비시,10
국민,9
미국,9
치루,9
구역,9
호주,9
위안부,9
혼다,9
남한,9
나머지,9
강요,9
의도,9
슈크림,9
비리,9
심려,9
가동,9
안심,9
관광,8
한국인,8
대사관,8
마블,8
오도독,8
연합뉴스,8
비교,8
불법,8
제안,8
표현,8
박근혜,8
사쿠라,8
오카모토,8
부시,8
접속,8
공산당,8
여럿,8
광고주,8
루리웹,8
투자,8
배치,8
의류,8
제외,8
투자가,8
움직임,8
대회,8
가정,8
장면,8
장르,7
일본인,7
참고,7
한가지,7
재벌,7
서명,7
해결,7
말기,7
여성,7
불만,7
나치,7
전도,7
계약,7
전해,7
물품,7
스위치,7
오염수,7
리스크,7
단말,7
콘서트,7
강경,7
실소,7
그간,7
망말,7
낫다,7
상인,7
사상,7
침,7
반란,7
일지,7
제등,7
정이,7
수습,7
재품,7
주일미군,7
요격,7
트위터,6
회사,6
정부,6
자제,6
선물,6
사리,6
내달,6
소녀,6
사과문,6
법,6
자료,6
민간,6
판단,6
수도,6
고래고기,6
스케쥴,6
변화,6
중국산,6
장비,6
몹쓸,6
고지,6
하이,6
색기,6
목적,6
소마,6
야수,6
아이돌,6
폭발,6
와중,6
저쪽,6
정함,6
코카콜라,6
기록,6
작사,6
타이틀곡,6
이정,6
정의,6
픽업,6
중계,6
전이,6
창피,6
보지맙시,6
묵인,6
화질,6
동해,6
정보보호,6
비자카드,6
전액,6
일관,6
나름,6
일기도,6
일본반응,6
선언,6
유명,6
생리대,6
타격,5
개인,5
국내,5
중단,5
국가,5
유니클로,5
수산물,5
롯데,5
동참,5
금지,5
아베,5
쇼핑몰,5
유치,5
어촌,5
민경욱,5
불꽃,5
해제,5
가상,5
관세,5
얼굴,5
간청,5
접근성,5
과금,5
유도,5
방송,5
마찬가지,5
행동,5
촛불시위,5
유지,5
적자,5
판결,5
행태,5
한일,5
러,5
택시,5
징용,5
점주,5
지역,5
정자,5
사이토,5
쿠니,5
허용,5
콘돔,5
올챙이,5
이야기,5
관심사,5
해석,5
차트,5
야합,5
소년단,5
횟수,5
전량,5
재방송,5
여자,5
차단,5
도촬,5
불과,5
월드컵,5
이케아,5
바꿧,5
탄원,5
일장일단,5
앞날,5
벨벳,5
대로,5
작성,5
회원정보,5
개자식,5
중요시,5
지식,5
홈엔,5
글씨,5
몽고,5
출장,5
실현,5
나루,5
조카,5
독립군,5
탄도탄,5
수출,4
자동차,4
과거,4
경제,4
자금,4
항의,4
확산,4
혐한,4
상대,4
반대,4
욱일기,4
언론,4
허가,4
팬덤,4
필요,4
후쿠시마,4
전쟁,4
고급,4
할리,4
분풀이,4
손님,4
후지산,4
본국,4
타임,4
일본음식,4
훈련,4
내일,4
잠재,4
얌마,4
정세,4
표지,4
조국,4
양키,4
사건,4
외국,4
작품,4
유행,4
글로벌,4
후원,4
반응,4
안내,4
자국,4
일부,4
서울,4
카메라,4
발매,4
수익,4
뚜렷,4
젠틀,4
통신,4
천하,4
티아,4
전화,4
계약서,4
장문,4
태극기,4
후술,4
수단,4
멜론,4
팬싸인회,4
쓸모,4
파멸,4
흠집,4
사십팔이,4
빠가사리,4
가극,4
청장,4
전술,4
기타등등,4
몰카,4
만해,4
리그,4
기억,4
스탭,4
오사카,4
직원,4
아나운서,4
궁예,4
용과,4
적폐,4
연구소,4
위원장,4
되풀이,4
사외이사,4
채널,4
씨발,4
외신,4
유대계,4
구글맵,4
야쿠르트,4
챠,4
국수,4
나이키,4
황우,4
호텔,4
되겠슴,4
삭제,4
오대천,4
디자인,4
교과서,4
모리,4
기사,3
이완용,3
데뷔,3
물건,3
사용,3
갤럭시,3
친일파,3
엘지,3
대통령,3
매국노,3
정권,3
태도,3
독립운동가,3
주의,3
맥주,3
소리,3
군국,3
자유,3
현재,3
네이버,3
우익,3
패소,3
비판,3
선동,3
친일,3
네티즌,3
여론,3
여행,3
조직,3
사랑,3
컨텐츠,3
다이소,3
피해,3
시위,3
수입,3
우리나라,3
정평,3
안달,3
위치,3
이의,3
올리브영,3
사유,3
인터뷰,3
문자,3
우동,3
통째,3
미니밴,3
어쩌라구,3
돗포,3
아이디어,3
사대강,3
뇬넘,3
최악,3
흑자,3
닛산,3
미즈,3
노릇,3
전투,3
서풍,3
반한,3
도발,3
살수,3
불이익,3
가해자,3
절대로,3
잘못,3
철회,3
남양,3
신사,3
야당,3
도쿄,3
협상,3
반박,3
이즈,3
국민성,3
싸움,3
시즌,3
그리팅,3
얘기,3
아티스트,3
팬층,3
가세,3
리도,3
뭐길,3
고집,3
배제,3
하진,3
내부,3
이제껏,3
홍련,3
빅힛,3
엠스테,3
틈,3
결정,3
투쟁,3
오로나,3
배당금,3
불똥,3
과도,3
한민족,3
학살,3
방출,3
참회,3
블로그,3
장소,3
절박,3
피디,3
평소,3
가오,3
요구르트,3
커뮤,3
과오,3
응원,3
곤란,3
예정,3
브루,3
확답,3
일본사람,3
페미니스트,3
직접,3
프로모션,3
가수,3
다그,3
려면,3
타오,3
상종,3
가데,3
그네,3
그래프,3
지배,3
해설,3
시설,3
도입,3
가슴,3
어캐,3
케이,3
침몰,3
대처,3
알티,3
혐오,3
껄끄러운,3
유로,3
아이러니,3
갈라,3
주머니,3
자살율,3
씨부랄,3
거보,3
처신,3
계기,3
빗발,3
체인,3
동맹,3
시어터,3
약소국,3
신상털기,3
매니,3
청원,3
존댓말,3
환경부,3
리다,3
사용자,3
시중,3
대국,3
시대,3
공인,3
협정,3
캐피탈,3
태국,3
여성향,3
공기,3
국정교과서,3
반발,3
포켓몬,3
잔재,3
인도,3
걔네,3
배신,3
작성자,3
장창,3
약속,3
애풀,3
민주주의,3
죄송,3
살인,3
시민단체,3
유업,3
식중독,3
룟데,3
쌔끼,3
심의,3
대국민사과,3
빼빼로,3
대비,3
후소샤,3
파탄,3
측면,3
맛,3
군함도,3
주부,3
재료,3
생산품,3
국론,3
마코토,3
기지,3
생리,3
욕하자,3
국교단절,3
생명보험,3
왕성,3
강력,2
기술,2
매국,2
친구,2
표시,2
조선일보,2
화웨이,2
시작,2
원숭이,2
우선,2
조센징,2
용서,2
도덕,2
영업,2
침범,2
삼일절,2
라면,2
주장,2
식민지,2
이미지,2
애니,2
교포,2
제국,2
발표,2
소비,2
세력,2
환불,2
세븐일레븐,2
공무원,2
상징,2
구매,2
결과,2
마인드,2
소비자,2
지랄,2
부품,2
왜곡,2
조치,2
시민,2
운동,2
포기,2
정치,2
윤리,2
일제,2
최근,2
거부,2
농심,2
악질,2
기자,2
외교,2
전세계,2
아이폰,2
종합,2
지원,2
책임,2
땅,2
기관,2
삼성,2
보도,2
분쟁,2
대기업,2
영향,2
이유,2
효과,2
별,2
광고,2
모양,2
현실,2
전개,2
거론,2
마트,2
판매,2
시장,2
업체,2
역사,2
사실,2
돈,2
트윗,2
브랜드,2
출시,2
제국주의,2
거지,2
대부,2
반성,2
출처,2
코스,2
야구,2
무인양품,2
원산지,2
분당구,2
군데,2
검사,2
교환,2
하시겄,2
분석,2
배넌,2
자본시장,2
카드,2
희토류,2
본진,2
본인,2
군사독재,2
재산,2
지진,2
엔드게임,2
평화헌법,2
축하,2
강압,2
변론,2
옙,2
체계,2
창업,2
통차,2
밀회,2
라신,2
케북,2
기본,2
패러디,2
거짓,2
제소,2
하늘,2
합병,2
비극,2
성공,2
유학,2
부동산,2
서울시,2
좌빨,2
좀비,2
곧바로,2
선빵,2
일본제,2
설비,2
토모,2
야마시타,2
데상트,2
숫자,2
글구,2
포지션,2
압도,2
신제품,2
득표,2
벤츠,2
직시,2
불문,2
북풍,2
넋,2
섬나라,2
민주,2
그림,2
인기,2
외화,2
왕,2
돈까스,2
매립,2
언변,2
압력,2
유저,2
참배,2
강제,2
인증,2
욕,2
평화,2
이용,2
제과,2
논란,2
실천,2
정서,2
코리아,2
방법,2
사업,2
이벤트,2
의사,2
펜,2
무엇,2
목표,2
할머니,2
가격,2
과정,2
따라서,2
기준,2
동조,2
자신,2
영국,2
간접,2
인사,2
시간,2
행위,2
일단,2
서비스,2
불사,2
아사히맥주,2
골목,2
홈플러스,2
비난,2
외면,2
선호,2
전날,2
수준,2
끝,2
감자탕,2
힢마,2
배틀,2
요코하마,2
천장,2
대량,2
여건,2
모세,2
절대다수,2
위주,2
거래처,2
중싱,2
방침,2
확정,2
밤,2
생일,2
조진,2
수지,2
낼,2
도안,2
복판,2
집회,2
가맹,2
옛날,2
배분,2
입시,2
목소리,2
항상,2
확인,2
진정,2
의심,2
방탄,2
할머님,2
드림,2
상반,2
리가,2
빅,2
노래,2
변경,2
추첨,2
대적,2
웃습,2
로드,2
커버,2
큰손,2
싱글,2
번역본,2
뭐임,2
일반인,2
방탄소년단,2
촛점,2
본질,2
집중,2
카르텔,2
혜경궁,2
김씨,2
구분,2
직격탄,2
스밍좀,2
팔로,2
유료,2
꼬리표,2
가치,2
상중,2
공통,2
작업,2
트집,2
빅히튼,2
블락,2
취소,2
장도,2
국적,2
익,2
보도자료,2
텐진,2
소요,2
샛기,2
민비,2
국모,2
이영복,2
법인세,2
진작,2
커피,2
특성,2
개입,2
결혼,2
마스,2
나돈,2
개막식,2
편집국,2
북핵,2
사찰,2
수다,2
김현종,2
초기,2
투어,2
뉴욕,2
값,2
오지,2
스폰서,2
상업,2
앞길,2
방해,2
티켓,2
솔솔,2
라떼,2
기름종이,2
레퍼런스,2
정보,2
서장,2
디아스포라,2
억,2
일등,2
감옥,2
무기,2
만행,2
타인,2
편집장,2
후안,2
송영길,2
재단,2
두둔,2
요지,2
혁신,2
의원님,2
로비,2
과일,2
세기,2
역할,2
별다방,2
온라인,2
완성,2
총수,2
수정,2
기간,2
비화,2
조쥬,2
타임즈,2
조슈,2
구한말,2
나불,2
도중,2
감사,2
촛불,2
면상,2
스타일,2
오늘날,2
주문,2
식민사관,2
통일,2
혜택,2
무력,2
젔습니,2
분기,2
중간,2
시늉,2
혈맹,2
러시아,2
당선,2
재고,2
티몬,2
권력자,2
상공,2
소상,2
전라도,2
오염,2
물고기,2
소신발,2
패망,2
수상,2
지우개,2
빠워,2
자숙함,2
개념,2
롯데리아,2
왜성,2
태일,2
번만,2
저급,2
팔고,2
응호,2
런,2
반영,2
재미,2
스냅챗,2
군대,2
오타쿠,2
자켓,2
테슬라,2
누락,2
캠페인,2
대항,2
국책,2
공표,2
하차,2
완벽,2
검색,2
성립,2
사법,2
당국,2
남중국해,2
자유무역,2
발등,2
코믹스,2
짝퉁,2
송영선,2
위협,2
내정간섭,2
년전,2
남지나해,2
일로,2
반토막,2
자위,2
이벤,2
간장,2
팬텍,2
후예,2
종북,2
유포,2
소화,2
소비재,2
아파트,2
맘충년,2
남양유업,2
감방,2
중하,2
간문제,2
테스코,2
정무,2
가기,2
비슷,2
혈안,2
희롱,2
합의,2
바자회,2
떨이,2
소수만,2
연구,2
상자,2
시킴,2
물질,2
키즈,2
데모,2
주민,2
이토,2
호평,2
임산부,2
약자,2
한국팬,1
교육,1
혼자,1
학생,1
무장,1
장사,1
반도체,1
의원,1
매장,1
요청,1
문,1
경쟁,1
내용,1
요구,1
중심,1
보수,1
의미,1
한미,1
주기,1
쪽바리,1
유럽,1
대국민,1
팬클럽,1
레드,1
입장,1
의식,1
콧방귀,1
도저히,1
왜놈,1
일본정부,1
며칠,1
시기,1
매출,1
지적,1
등장,1
짱깨,1
교수,1
대응,1
이름,1
진출,1
마쓰다,1
옹호,1
해외,1
동의,1
유출,1
이자,1
미화,1
미쓰비시,1
성적,1
사드,1
노예,1
깽,1
이나,1
사과,1
반역,1
애국,1
리스트,1
명분,1
마당,1
역사왜곡,1
독도,1
갈등,1
폭,1
편의점,1
벌이,1
아사히,1
여혐,1
독일,1
어차피,1
하나로,1
한정,1
홈페이지,1
감정,1
설득,1
개선,1
의견,1
반복,1
문프,1
보호,1
짓거리,1
새끼,1
즉각,1
중국인,1
피해자,1
떼,1
딱지,1
항일,1
빨갱이,1
보복조치,1
가게,1
이익,1
회수,1
처벌,1
처음,1
게임,1
적도,1
자꾸,1
가능성,1
공유,1
세금,1
경기,1
날짜,1
전부,1
공식,1
기분,1
차별,1
살기,1
팬미팅,1
구글,1
식품,1
현대차,1
분노,1
소식,1
응답,1
족발,1
애플,1
실시,1
인터넷,1
철수,1
저항,1
한마디,1
축구,1
캐논,1
쪽발이,1
폭스바겐,1
임금,1
차원,1
어머니,1
고발,1
발언,1
접근,1
전쟁범죄,1
스벅,1
청산,1
마케팅,1
표기,1
운영,1
다라,1
반미,1
심정,1
투표,1
앨범,1
제재,1
세계,1
기레기,1
국회의원,1
정책,1
수익금,1
배상,1
개봉,1
연예인,1
연합,1
쓰레기,1
입선,1
언론인,1
주변,1
신세계,1
매진,1
존재,1
전체,1
음식,1
동네,1
간첩,1
소니,1
만화,1
공개,1
이해,1
문제,1
애국자,1
보복,1
단결,1
정치인,1
자존심,1
반일감정,1
맥도날드,1
우정,1
앞잡이,1
방문,1
일본차,1
인식,1
서울대,1
전국,1
정신,1
관계,1
신문,1
태그,1
일본어,1
발전,1
가족,1
별개,1
개혁,1
대사,1
상관,1
학교,1
언론사,1
한일전,1
타월,1
외국인,1
실습생,1
님들,1
쇼핑,1
셔츠,1
지뢰,1
스샷,1
스토리,1
슬로건,1
쌍욕,1
엇다,1
메가박스,1
편이,1
엎단때,1
위생,1
강화,1
임박,1
적국,1
변태,1
살인마,1
사도,1
등신,1
민간인,1
뒤끝,1
검역,1
끝판,1
왜구,1
민생,1
큰일,1
꽈,1
거래,1
구사,1
일종,1
뇌교육,1
한일관계,1
악화,1
고충,1
방안,1
스티브,1
근본,1
발도,1
월스트리트,1
월,1
반격,1
첨단,1
핵심,1
소재,1
센카쿠,1
방사성,1
대답,1
강건욱,1
써비스,1
마찰,1
일본기,1
타장르,1
분리,1
유신,1
몰수,1
화합,1
널린,1
가정식,1
집,1
일식집,1
좆국,1
한남,1
산맥,1
대동맥,1
지열발전,1
지하,1
부응,1
만인,1
철거,1
미나리,1
재배,1
연호,1
동성애자,1
기독교인,1
뭐합,1
기대,1
이란,1
렉서스,1
제네시스,1
전면,1
굴복,1
재차,1
기원,1
종편,1
코파,1
주가,1
재일동포,1
작전,1
무리,1
풍년,1
노씨,1
한단,1
유통,1
방사선,1
모찌,1
가공,1
이승,1
웃,1
임시정부,1
초대,1
김구,1
선생,1
암살,1
사주,1
추방,1
바다,1
수장,1
도시락,1
레드얼럿,1
진영,1
심볼,1
개그,1
해명,1
여당,1
각오,1
미래세,1
외교부,1
국회,1
탄핵,1
결의,1
헌법,1
일본주,1
속국,1
무역적자,1
육박,1
굴,1
스티,1
카를,1
법정,1
식탁,1
후쿠지마,1
혈,1
세로,1
부담,1
지열,1
발전소,1
잔치,1
떡한쪼각,1
댓글,1
추천,1
스티커,1
발열,1
아동,1
준비,1
선포,1
반감,1
점유,1
몰이,1
하는꼬,1
뀔것,1
경기도,1
포철,1
초창,1
기회,1
갈래,1
부류,1
교육청,1
김용옥,1
건국,1
시신,1
국립묘지,1
콕,1
취업,1
퍼,1
공급,1
하이닉스,1
불안,1
철퇴,1
기질,1
폰차,1
덕후,1
전자제품,1
기계로,1
외무,1
참수,1
수고,1
고마움,1
일본철도,1
히타치,1
낚시,1
용품,1
리채,1
가구,1
상가,1
상점,1
담당,1
사형,1
우롱,1
오산,1
누나,1
칭찬,1
한창,1
코멘트,1
스마트폰,1
왜인,1
전용,1
엠디,1
품절,1
화훼이,1
바이엘,1
아스피린,1
몰염치,1
을지,1
정상,1
각개,1
미세먼지,1
발광,1
벙어리,1
상태,1
유심,1
서울시장,1
쉐키들,1
애완동물,1
전자기기,1
자위권,1
차례,1
경고,1
건설,1
회귀,1
후유증,1
청구,1
의지,1
리디북스,1
탈퇴,1
이북,1
플레이,1
일러스트레이터,1
강간,1
인구,1
법안,1
제정,1
크기,1
비자,1
발급,1
홈,1
오사까,1
당내,1
제한,1
귀국,1
여부,1
철자,1
조사해,1
폐쇄,1
입국,1
정택운,1
열등감,1
삼일,1
동시,1
추진,1
북미,1
페그오,1
소름,1
컨탠츠적,1
도니,1
요소,1
그녀,1
오키나와,1
민족,1
인정,1
세무조사,1
피드백,1
상권,1
진행,1
착취,1
근성,1
대책,1
헬로키티,1
전혀,1
본사,1
의혹,1
전문가,1
조짐,1
음식점,1
지방,1
모욕,1
트럼프,1
본가,1
가요,1
헛소리,1
티셔츠,1
합작,1
덕질,1
사회,1
미국인,1
냄비,1
혹,1
애용,1
캐릭터,1
자리,1
찬성,1
취급,1
타이밍,1
사고,1
뇌물,1
장난,1
호구,1
회장,1
기고,1
활동,1
감독,1
지도,1
사기,1
국제,1
자연,1
보이콧,1
대일,1
일본해,1
찬양,1
다케시마,1
해당,1
애국심,1
김정은,1
소아성애,1
후손,1
사채,1
산업,1
손해,1
그때,1
라이브,1
강행,1
성향,1
마음,1
공지,1
개새끼,1
개돼지,1
인간,1
집단,1
연관,1
상황,1
연대,1
남자,1
대표,1
시해,1
여러가지,1
재산세,1
웹툰,1
소속사,1
트친,1
무역,1
식민,1
병신,1
사진,1
스타,1
혐,1
이바돔,1
게이샤,1
가나,1
일정,1
번역기,1
해시태그,1
탈수,1
고민,1
고해,1
걱정,1
최종,1
캐나다구스,1
본토,1
몬스터,1
여직원,1
정보통,1
파티,1
천황,1
미리,1
뉴이스트,1
러브,1
제도,1
배상금,1
지불,1
이심전심,1
아시안,1
여야,1
망언,1
씨유,1
곳곳,1
산동반도,1
개시,1
가챠샵,1
소송,1
벽,1
첫,1
원폭,1
금방,1
실망,1
뿔나,1
정지,1
통보,1
조롱,1
지민,1
머리,1
질문,1
순위,1
무릎,1
막대,1
유성,1
상영,1
잠깐,1
빻타쿠,1
포카리스웨트,1
동아오츠카,1
로열티,1
분통,1
유사,1
메인,1
츠카,1
제약,1
신사참배,1
힛,1
원자력,1
영공,1
금지법,1
발의,1
레버리지,1
우세,1
대주,1
제주,1
예고,1
커플링,1
빅히트,1
작곡가,1
개구리,1
불도저,1
스타벅스,1
평창올림픽,1
그날,1
무의식,1
모델,1
광복,1
공공기관,1
사하라,1
아뮤즈,1
감성,1
팬임,1
방시혁,1
계정,1
언팔,1
작사가,1
주목,1
이력,1
신뢰,1
오리,1
버전,1
스밍끊,1
단지,1
소수,1
프로듀서,1
모토,1
야스,1
입지,1
선택,1
지속,1
여러,1
구취,1
팔로잉,1
컴백,1
결과물,1
방탆,1
돈벌이,1
인격,1
치가,1
도대체,1
도움,1
재계약,1
사단,1
가사,1
인신공격,1
콜라보,1
공직,1
무자격,1
전과자,1
공천,1
비호,1
당,1
세계관,1
강수,1
교류,1
악수,1
회땜,1
무작정,1
미지수,1
음반,1
판매량,1
한해,1
기존,1
변명,1
푸마,1
뜰,1
휘,1
유지시,1
켜,1
모순,1
깜짝,1
일주일,1
시상식,1
고대로,1
눈막,1
시점,1
상응,1
결제,1
스트리밍,1
기한,1
여성혐오,1
마음대로,1
정치성향,1
프듀,1
좌익,1
저리,1
노력,1
지경,1
댕,1
변희재,1
미학,1
자랑,1
건일,1
프렌,1
영웅,1
지면,1
사이트,1
모습,1
새누리당,1
부산,1
실체,1
접대,1
조성,1
방치,1
유주,1
급락,1
조정,1
백,1
잔,1
기업인,1
떼국,1
프리즘,1
시리즈,1
형태,1
해운대,1
알바,1
마켓팅,1
매사,1
피씨,1
양반,1
신데마스,1
밀리,1
정발,1
수용,1
파판,1
빻음,1
지금껏,1
나왓는데,1
남우,1
허리,1
빻겜,1
평창,1
겨울,1
올림픽,1
쿠퍼,1
이사,1
쪽발놈,1
사장,1
가래침,1
벼락,1
전기의자,1
에혀,1
민족주의,1
충만,1
역사교육,1
차이,1
른,1
실제,1
점임,1
찬물,1
패싱한다,1
고춧가루,1
측,1
조율,1
마이니치신문,1
홍대,1
강남,1
수두,1
혓,1
숙청,1
성함,1
하이트,1
건줄,1
성능,1
남캐,1
최애,1
캐,1
캐나다,1
기린맥주,1
인종,1
미얀마,1
소수민족,1
기부,1
인생,1
출판,1
막말,1
출판사,1
자사,1
소,1
도시,1
축협,1
중독,1
파벌,1
무관,1
조선,1
막막,1
오직,1
공연,1
샤이니,1
멤버,1
사고방식,1
티비,1
고장,1
활개,1
남성,1
흉기,1
포스트,1
야후,1
테레사,1
수녀,1
지인,1
화장품,1
로남,1
농협,1
진열,1
술,1
링크,1
근대화,1
조중동,1
맥날,1
클렌,1
인종차별,1
요시다,1
홈피,1
재일한국인,1
음모론,1
거울,1
취지,1
재직,1
금도,1
면세점,1
알러지,1
관광객,1
낙인,1
비행기,1
항공사,1
생떼,1
하렴,1
인권,1
유린,1
소설,1
으름장,1
질질,1
살상,1
핑계,1
침공,1
이민,1
벌금,1
부폐,1
빨대,1
펄스,1
타임지,1
논리,1
장본인,1
죠슈,1
권위,1
학자,1
핣아먹,1
친미,1
합류,1
언행,1
의악행,1
진행형,1
평창동계올림픽,1
해설위원,1
아스,1
빠찡꼬,1
사토,1
아시아,1
자유당,1
류석,1
뉴라이트,1
칭,1
바람,1
젊은이,1
조상,1
치욕,1
삶,1
교육부,1
커리,1
큐럼,1
새해,1
복,1
각국,1
상처,1
계산,1
자본주의,1
방식,1
경종,1
이명박,1
대변인,1
엉터리,1
물의,1
빚,1
주일,1
커뮤니티,1
양상,1
꿈,1
비폭력,1
달인,1
괜시리,1
불통,1
중고,1
근거,1
나비효과,1
찹,1
멸해,1
설명,1
첨부,1
공중파,1
개회,1
떠듭니,1
스케일,1
동계올림픽,1
선수,1
통치,1
았,1
중시,1
민중,1
독립,1
동감,1
해고,1
명예,1
실추,1
지껄렸던,1
앵커,1
살인자,1
돌변,1
게시판,1
자본,1
페미,1
성노예,1
펌,1
겟습니,1
강점,1
안지,1
모에,1
살포시,1
존경,1
사퇴,1
스티븐스,1
전명운,1
장인환,1
열사,1
응징,1
당초,1
내내,1
일자리,1
물류,1
촉구,1
헨리,1
키신저,1
동북아시아,1
중계방송,1
이사회,1
구성원,1
도운,1
참석,1
폭풍,1
잎,1
뿌까,1
하야,1
성,1
멋,1
더냐,1
혼혈,1
독,1
덕분,1
다이렉트,1
축출,1
미군,1
증명,1
상하,1
개썅,1
함부로,1
이스라엘,1
독립운동,1
고통,1
팀,1
식사,1
가변,1
인사동,1
넥서스,1
해선,1
대변,1
추측,1
아부,1
랍,1
조종,1
한반도,1
생방송,1
만주,1
감히,1
온갖,1
거대,1
디저트,1
진입,1
단합,1
우방,1
용해,1
명탐정,1
과학,1
기여,1
반말,1
카제,1
아이콘,1
혹사,1
건강,1
상술,1
디테,1
관리,1
솜방망이,1
변죽,1
페이,1
개무시,1
투덱,1
뻥튀기,1
침묵,1
자해,1
파장,1
상해,1
전자,1
역조,1
철강,1
극일,1
매춘부,1
양파,1
채소,1
붙이,1
북한,1
분야,1
대만,1
목록,1
군사,1
영화,1
핵,1
고려,1
중국어,1
행사,1
규제,1
배우,1
노컷뉴스,1
유신정권,1
유산,1
유신독재,1
공생,1
심판,1
폭설,1
회항,1
홋카이도,1
홈쇼핑,1
핵발전소,1
폭발사고,1
남부,1
장려,1
평점,1
뒷돈,1
무혈,1
입성,1
인근,1
기금,1
적임,1
폭도,1
입증,1
수호,1
로리타룩,1
어리둥절,1
로리타,1
양복,1
광년,1
옷,1
기피,1
저가,1
위인,1
출벙,1
흡사,1
리앙쿠르,1
암초,1
공부,1
부숭,1
콜드플레이,1
경향,1
포토,1
일방,1
비공개,1
가관,1
비방,1
월남,1
일제시대,1
유키지루시,1
도시바,1
정치가,1
공약,1
기아차,1
전망,1
메이커,1
생산,1
공장,1
악재,1
기차,1
아줌마,1
선행,1
덴줄,1
가습기,1
사태,1
사례,1
위기,1
자진,1
사과글,1
가짜,1
무당,1
밑,1
빨간색,1
무늬,1
사적,1
금리,1
놀이,1
차려,1
슈퍼,1
렌트카,1
인스타,1
활용,1
모집,1
저쩌,1
하드,1
아이엠,1
롯시,1
허락,1
흉내내,1
슈퍼카,1
인하,1
흉내,1
동아일보,1
최초,1
하이큐,1
주류,1
배려,1
애니메이터,1
기획,1
단계,1
시청,1
둘째,1
밸런스,1
패치,1
먹이,1
확률,1
필터,1
흥,1
돈더,1
주제,1
인척,1
눈데,1
국기,1
홍보,1
대규모,1
요도,1
점범기,1
파악,1
형식,1
기인,1
인공,1
소련,1
칼,1
짤,1
라라,1
협박,1
무뇌아,1
짖껄,1
증거,1
티파니,1
동양,1
주의자,1
테러,1
시나리오,1
프랑스,1
햄버거,1
사법권,1
공포,1
미제,1
필리핀,1
배척,1
준수,1
불합리,1
안산,1
블루,1
스타즈,1
체제,1
형사,1
냄새,1
지나,1
문제점,1
적대시,1
간섭,1
자위대,1
긍정,1
동지나해,1
재판,1
냉전시대,1
푸드파이터,1
바나나,1
영상,1
중국사람,1
쯔위,1
넥슨,1
문어,1
츠비,1
느낌,1
신발,1
망고,1
톈안먼,1
반일,1
닌텐도,1
힐튼,1
불량품,1
세상,1
명성,1
적반하장,1
김장수,1
주중,1
골빈,1
불보듯,1
수수료,1
인상,1
연간,1
배꼽인사,1
맥도널드,1
북오프,1
남사군도,1
서사군도,1
유권,1
현대,1
파키스탄,1
개국,1
포보컷,1
랭킹,1
샘표,1
공공,1
이쯤,1
양키넘드,1
지명,1
허위,1
전체주의,1
설치,1
신동빈,1
상장,1
양국,1
수사,1
압수수색,1
국부,1
억대,1
해체,1
발휘,1
줫겟,1
독제,1
미쯔,1
보상,1
말종,1
대도,1
강대국,1
꼼짝,1
부정,1
방관,1
발생,1
책임자,1
거세,1
참외,1
개량,1
유연제,1
급감,1
힌국,1
판촉,1
이마트,1
발음,1
총선,1
투표일,1
사내,1
서경덕,1
국개,1
징징,1
행렬,1
개성,1
형성,1
법망,1
야동,1
닼,1
모름,1
금전,1
아이,1
주기도,1
배꼽,1
기체,1
막장,1
마일드세븐,1
부선,1
상당수,1
문장,1
진부,1
일대,1
이색,1
신동주,1
홀딩스,1
카지노,1
북조선,1
납치,1
구조,1
토로,1
편입,1
질투,1
형편,1
표방,1
안보,1
죄인,1
놀람,1
나치독일,1
라이카,1
후원자,1
주사파,1
퉁탕퉝팅쿵쾅퇑퉁,1
유력,1
좃선,1
살길,1
만원,1
봌스,1
액션영화,1
조선인,1
지도자,1
변절,1
이득,1
대륙,1
실력,1
분열,1
원전,1
유화,1
신카이,1
최신,1
발사,1
컵,1
클릭,1
짐승,1
유착,1
다세,1
공화국,1
숙제,1
주주,1
배당,1
행패,1
